0.0000000000e+00
1.2871676125e-02
7.1226609871e-03
-3.8951486349e-03
2.4556685239e-02
-5.0331208855e-02
-3.3650410175e-01
-2.6554784179e-01
3.6057886481e-01
6.7143797874e-01
5.3142264485e-02
-7.8656715155e-01
-4.6259826422e-01
7.5488966703e-01
1.0847638845e+00
1.0347346961e-01
-8.7507396936e-01
-5.8034342527e-01
5.8034354448e-01
8.7507390976e-01
-1.0347351432e-01
-1.0718922615e+00
-7.4776703119e-01
4.5870307088e-01
8.1112384796e-01
-1.0347347707e-01
-1.0079420805e+00
-6.2612676620e-01
6.2612664700e-01
1.0079419613e+00
1.0347346961e-01
-8.1112384796e-01
