0.0000000000e+000,
1.1755705046e+000,
-1.1102230246e-016,
1.9021130326e+000,
4.4408920985e-016,
-3.6739403974e-016,
5.5511151231e-016,
-1.9021130326e+000,
-3.3306690739e-016,
-1.1755705046e+000,
-1.2246467991e-015,
1.1755705046e+000,
-4.4408920985e-016,
1.9021130326e+000,
1.3322676296e-015,
-1.1021821192e-015,
1.5543122345e-015,
-1.9021130326e+000,
-7.7715611724e-016,
-1.1755705046e+000,
-2.4492935983e-015,
1.1755705046e+000,
-7.7715611724e-016,
1.9021130326e+000,
2.3314683517e-015,
-1.8369701987e-015,
2.5535129566e-015,
-1.9021130326e+000,
-9.9920072216e-016,
-1.1755705046e+000,
-3.6739403974e-015,
1.1755705046e+000,
-1.2212453271e-015,
1.9021130326e+000,
3.3306690739e-015,
8.0863827582e-015,
3.5527136788e-015,
-1.9021130326e+000,
-1.4432899320e-015,
-1.1755705046e+000,
-4.8985871966e-015,
1.1755705046e+000,
-1.6653345369e-015,
1.9021130326e+000,
4.4408920985e-015,
-3.3065463577e-015,
4.5519144010e-015,
-1.9021130326e+000,
-1.8873791419e-015,
-1.1755705046e+000,
-6.1232339957e-015,
1.1755705046e+000,
-1.9984014443e-015,
1.9021130326e+000,
5.4400928207e-015,
6.6168065992e-015,
5.5511151231e-015,
-1.9021130326e+000,
8.7707618945e-015,
-1.1755705046e+000,
-7.3478807949e-015,
1.1755705046e+000,
-2.3314683517e-015,
1.9021130326e+000,
6.3282712404e-015,
-1.5434263553e-014,
3.5305092183e-014,
-1.9021130326e+000,
-1.3544720900e-014,
-1.1755705046e+000,
-8.5725275940e-015,
1.1755705046e+000,
-2.7755575616e-015,
1.9021130326e+000,
7.3274719625e-015,
-1.6169051633e-014,
7.5495165675e-015,
-1.9021130326e+000,
-2.9976021665e-015,
-1.1755705046e+000,
-9.7971743932e-015,
1.1755705046e+000,
7.8825834748e-015,
1.9021130326e+000,
8.3266726847e-015,
-1.6903839712e-014,
8.4376949872e-015,
-1.9021130326e+000,
-3.3306690739e-015,
-1.1755705046e+000,
-1.1021821192e-014,
1.1755705046e+000,
-3.4416913763e-015,
1.9021130326e+000,
9.3258734069e-015,
-1.7638627792e-014,
9.4368957093e-015,
-1.9021130326e+000,
-3.6637359813e-015,
-1.1755705046e+000,
-1.2246467991e-014,
